100
1750607
9999929
1
2295773
8763892
928009
6463741
8184167
4046177
6735763
9999162
8248729
5
6
9987391
9309119
9999999
1862603
7
3023326
5331653
3702389
5388168
3410821
9
9999991
9999973
9971849
9999161
3929879
4
10
8291470
3855409
2872729
615403
2044523
7203246
6697461
3949061
9999971
4461641
9516811
1481717
2
6716541
13
2360890
559513
3323191
8460583
10000000
9999930
9999998
8
86293
8603593
11
9999931
9999163
4461642
3132736
2896297
3191803
9999996
4572049
9999972
9999997
983469
9325574
1221469
390548
7551991
7783893
9299449
2610613
1264969
4125389
1281246
8237213
9999995
2196613
1144
8697851
3877633
3
4461643
1403870
5001361
140839
7742461
592432
6537523
4936439
6513281
4170220
9682616
4751053
6865010
12
