90
83716485936440 64528193749358 1938563682
201 200 1
408177997100500200 401595501136817280 294155213762357145
250 180 1
250 180 3
90673193592484380 46831348518596952 267909103250045284
614064507855957868 200029622849481743 25936201506490860
373868218924203009 110068475810000488 176257064294994456
250 180 7
347974083229123098 320673186665600320 99451952277727232
77665544332211 11223344556677 0
214583770295363106 69229185582086495 289202872636535760
576019184748162782 202181510430906787 594003868206536466
197186856612110640 185086778934784610 49950188738000796
132446667731459565 11191094227443300 530420845402911780
250 180 0
245228252012425644 70152821095283836 108951133082862820
383559415311140402 166843837396756350 675006289322640220
470099553951860868 147679126437803736 192062758511508744
75300826847265690 8261518418721672 373297028391454862
47216103097285788 46165210693233920 5605479616098745
355201150419470880 124367535743497685 812060495325651660
265706450016039120 195800848612380018 146553797709469300
765389065575425400 201438683288972364 8528746013854698
1000000000000000000 123456789123456789 987654321987654321
278021243259829440 257979971062493400 463911998354142588
493365223605973264 450528798042911455 737695165889638656
656966125271652759 115845025123221248 3257725387356363
633017514829209001 103027084569292692 671453054252717880
426193744388488444 94532054603213952 474070809732471360
250 180 5
136954494940961280 73093304696359080 206252361653160357
250 180 6
603801865643617662 42497323487076815 56149370458221225
239921271940827983 38664263405904164 572292855763814480
514064136509661024 445593343412882624 18475668280185774
388408355958253464 9980799393476562 372157957394749782
664046928481103390 46852229707078054 45637728648698087
368343935072019540 267318102809965548 163924717898605739
617678570881956600 212032392524324568 323815526341700184
45065654823849248 22145763358690334 171176646724423875
405993049386858066 243610625269299117 21450020251859570
319480330638144992 138289468496064432 284236953298332918
300649489393177782 73581813337728000 464684001023867490
565018701983723768 360418408183392000 4366810555258042
772477760607603687 238547547912122280 11585249370778072
817792675546437960 138964541283841284 111105545806462425
797158923275936525 373979683273376832 94404445405750808
455910286617884786 167459099031375530 208782463683555650
821560774550493706 145619782720204108 56512657057403610
675198952120020504 12693828525390824 98003652468530252
716549248506563361 187631808111218376 384016666328928
250 180 2
214940384476010862 10703018569558194 72638084380358484
419207806048124808 9477696772386600 411092707308474780
189225499158751013 180564607640781792 460232581720028364
590293694070288075 93785113464380310 156743395662723631
238743943600197728 208606168320458552 925003158612580576
367170830405506664 1968088193377358 405256744559600516
205561667385181119 120145170122748288 15157895919535350
250 180 4
200109538285010289 49363744160568300 240706982980573720
446575340883013577 102440853569408994 700169277227689254
185 183 2
120037259506978800 13297862015874150 382324722059839046
253462616584961972 10567931421935888 267775867591040718
66167333428448560 15799451508235460 498512251858397474
650741289190765900 584935419091047174 8077451659288947
356785612347205260 24491933679921605 211160526969766920
114260432136529880 27971777514809210 185533793830462880
695762976748571460 264452967363670360 150838813689150244
616740931928871920 13551599020239 120993049628257312
432557330144274720 409345639517845192 165446898272607852
444475521822017811 265589661176949173 29406091665712336
222408383811329412 41350015118554064 46875626258614713
465039304799792912 338791582003528386 64194675421129764
231673860243175672 96175474973701252 5143128828275680
495990428810520676 18885738079286169 78234271707244663
302620129558596900 195687843452950264 99272987829424991
335409455984614092 238039378554736460 787799729458091823
306144589086371610 20974525130306495 266425279757945308
72106149636160675 69504745510204970 270634237692886828
648431762988169215 404465766467323860 68540020564700473
873860681335491140 154400248919512052 46349012138667419
96013867419309042 32596782990594610 367618210047729223
250 180 8
243017954929152970 81985813851266897 60194972134316105
153921450095618896 109904247944577162 62860720914180000
88250149864040208 57066959308069095 107495602565322180
111157341370415298 9994578135350578 145626330681856224
